1651482169832 4.540861080346748 0
1651482179684 3.5564619145249634 1
1651482189541 2.6125048263822124 2
1651482199255 1.8810886768493007 3
1651482208935 1.8711536397416886 4
1651482218651 2.2861511676622204 5
1651482228265 2.4753308253471697 6
1651482237713 3.0763825110904612 7
1651482247147 3.6006206263616765 8
1651482256504 4.072750052180878 9
1651482265874 4.21841599061117 10
1651482275187 4.041162967296548 11
1651482284582 3.8681096970504014 12
1651482294171 3.4810333271719593 13
1651482303678 3.305144842856398 14
1651482313273 2.9894366717019096 15
1651482322960 2.961467008969777 16
