1651535395733 5.4270885562559155 0
1651535404894 5.3611779420605465 1
1651535414116 5.323517223108839 2
1651535423208 5.312373553740139 3
1651535432414 5.296916782341964 4
1651535441397 5.112322633904586 5
1651535450541 5.132318651577651 6
1651535459557 4.718712571879516 7
1651535468759 4.896079693902874 8
1651535477877 4.662687390852048 9
1651535486958 4.8116651512209465 10
1651535496168 4.5392508906919655 11
1651535505184 4.455332074564685 12
1651535514335 4.486898587783531 13
1651535523294 4.409660612548838 14
1651535532359 4.455911070838426 15
1651535541268 4.363360882346187 16
1651535550233 4.32852660756525 17
1651535559215 4.205738547173547 18
1651535568240 4.202515096581029 19
1651535577484 4.163908993113129 20
1651535586594 4.025189642549673 21
1651535595840 4.09235284165772 22
1651535604883 3.990451353115821 23
1651535614034 3.9326109929710924 24
1651535623188 3.745262677089002 25
1651535632264 3.7301030298109343 26
1651535641367 3.6526391098434825 27
1651535650356 3.7548623602990276 28
1651535659531 3.492334275953799 29
1651535668502 3.4316533870205155 30
1651535677638 3.4962741028750393 31
1651535686785 3.3287800203993676 32
