1651482420350 5.460213379356181 0
1651482430452 5.402882383193445 1
1651482440602 5.358619562240275 2
1651482450105 5.360821657113102 3
1651482459642 5.283467650741847 4
1651482469001 5.3146040801206444 5
1651482478704 5.212199528018917 6
1651482488028 5.204706902049351 7
1651482497449 5.099218514000604 8
1651482506791 5.159812232907997 9
1651482516080 5.038710529131689 10
1651482525434 5.118416351870092 11
1651482534887 4.948247409488486 12
1651482544242 5.040492949845648 13
1651482553511 4.915367323122312 14
1651482562835 4.956170583396294 15
1651482572126 4.865926901494704 16
1651482581588 4.845059531389963 17
1651482590907 4.796656653041118 18
1651482600227 4.46264941814987 19
1651482609685 4.3786091235597056 20
1651482618952 4.328162714222251 21
1651482628247 4.216644183476941 22
1651482637595 4.16133291913563 23
1651482646819 4.168554798210549 24
1651482656081 4.080001713730712 25
1651482665372 3.919540488684987 26
1651482674617 3.8156086104970273 27
1651482683795 3.760303790324293 28
1651482693135 3.764609449337831 29
1651482702312 3.7546553633961013 30
1651482711717 3.6040704903990752 31
1651482720968 3.564105312780368 32
1651482730236 3.5233428964011586 33
1651482739587 3.481189352211288 34
1651482748812 3.4084034074686196 35
1651482758100 3.3154033608981996 36
1651482767355 3.2639524719221846 37
1651482776668 3.333555916750058 38
1651482785893 3.3228278139553904 39
1651482795291 3.1958998540022305 40
1651482804482 3.305437547992603 41
1651482813755 3.1994052889852775 42
1651482823022 3.117468281272148 43
1651482832173 3.2256931679321426 44
1651482841473 3.174933144817594 45
1651482850585 3.2161046296162006 46
1651482860235 3.2003370955137598 47
1651482869655 3.142052653924109 48
1651482878902 3.186271071993244 49
